latitude=12.9208197
longitude=74.83900469999999 
